-73099    2444214.55325    0.00000000
-62691    2444863.65195    0.00000000
-46852    2445851.40631    0.00000000
-43074    2446086.96680    0.00000000
-3410    2448560.55780    0.00000000
8    2448773.71401    0.00000000
5942    2449143.77505    0.00000000
49671    2451870.83925    0.00000000
56307    2452284.71018    0.00000000
98561    2454919.76589    0.00000000
98906    2454941.30349    0.00000000
99377    2454970.67822    0.00000000
99837    2454999.31317    0.00000000
102028    2455135.97098    0.00000000
102412    2455159.94602    0.00000000
103193    2455208.61678    0.00000000
103786    2455245.62567    0.00000000
106096    2455389.66308    0.00000000
127300    2456712.00516    0.00000000
133534    2457100.74409    0.00000000
143918    2457748.32002    0.00000000
144928    2457811.33770    0.00000000
150685    2458170.32946    0.00000000
156953    2458561.25098    0.00000000
162134    2458884.35291    0.00000000
